[gd_scene load_steps=3 format=2]

[ext_resource path="res://Materials/PAL_Main.tres" type="Material" id=1]
[ext_resource path="res://Models/Enemies/Lizards/LizardMage/M_Lizard_Mage/M_Lizard_Mage.glb" type="PackedScene" id=2]

[node name="O_Lizard_Mage" instance=ExtResource( 2 )]

[node name="Skeleton" parent="O_Lizard" index="0"]
bones/8/bound_children = [ NodePath("BoneAttachment"), NodePath("BoneAttachment2") ]
bones/12/bound_children = [ NodePath("BoneAttachment3") ]
bones/29/bound_children = [ NodePath("BoneAttachment4") ]

[node name="BoneAttachment" parent="O_Lizard/Skeleton" index="0"]
transform = Transform( 0.976191, 0.041534, -0.2129, -0.0447701, 0.998943, -0.0103997, 0.212243, 0.0196837, 0.977018, 0.000444445, 6.16195, 0.435048 )

[node name="Eyes" parent="O_Lizard/Skeleton/BoneAttachment" index="0"]
material/0 = ExtResource( 1 )

[node name="BoneAttachment2" parent="O_Lizard/Skeleton" index="1"]
transform = Transform( 0.976191, 0.041534, -0.2129, -0.0447701, 0.998943, -0.0103997, 0.212243, 0.0196837, 0.977018, 0.000444445, 6.16195, 0.435048 )

[node name="O_LizardHat" parent="O_Lizard/Skeleton/BoneAttachment2" index="0"]
material/0 = ExtResource( 1 )

[node name="BoneAttachment3" parent="O_Lizard/Skeleton" index="2"]
transform = Transform( -0.829219, -0.544447, 0.126377, 0.199002, -0.0763044, 0.977023, -0.522294, 0.835317, 0.171619, 0.145364, 5.45122, 2.94597 )

[node name="BoneAttachment4" parent="O_Lizard/Skeleton" index="3"]
transform = Transform( -0.992531, 0.104445, 0.0630398, 0.0594046, -0.037566, 0.997526, 0.106555, 0.99382, 0.0310808, -0.669101, 3.57868, 2.32571 )

[node name="Body" parent="O_Lizard/Skeleton" index="4"]
material/0 = ExtResource( 1 )

[node name="Cape" parent="O_Lizard/Skeleton" index="5"]
material/0 = ExtResource( 1 )
