[gd_scene load_steps=2 format=2]

[ext_resource path="res://Scripts/Utilities/CameraController.gd" type="Script" id=1]

[node name="CameraRig" type="Spatial"]
transform = Transform( -4.37114e-08, 0, -1, 0, 1, 0, 1, 0, -4.37114e-08, 0, 12.1976, 0 )
script = ExtResource( 1 )
shoulder_view_pos_path = NodePath("ShoulderPos")
follow_view_pos_path = NodePath("FollowPOs")

[node name="ShoulderPos" type="Spatial" parent="."]
transform = Transform( 0.0340971, 0.417069, -0.908235, 1.67638e-08, 0.908763, 0.417312, 0.999418, -0.0142291, 0.0309862, -3.1628, 3.32253, 0.131952 )

[node name="FollowPOs" type="Spatial" parent="."]
transform = Transform( -3.97233e-08, 0.417312, -0.908763, 1.82413e-08, 0.908763, 0.417312, 1, -8.88178e-15, -4.37114e-08, -4.80187, 3.32253, 0.131952 )

[node name="Camera" type="Camera" parent="."]
transform = Transform( -3.97233e-08, 0.417312, -0.908763, 1.82413e-08, 0.908763, 0.417312, 1, -5.32907e-15, -4.37114e-08, -4.98212, 3.32253, 0.131952 )
cull_mask = 524287
doppler_tracking = 1
current = true
fov = 65.0

[node name="Tween" type="Tween" parent="."]

[node name="Listener" type="Listener" parent="."]
transform = Transform( 7.54979e-08, 0, -1, 0, 1, 0, 1, 0, 7.54979e-08, 0, 0, 0 )
current = true
